  1  -15.28292649   -4.82750433
  2   -0.29115901  -17.20397978
  3   -4.06658803   17.71807093
  4  -13.80762741   -8.50851163
  5   -1.69057847   11.07331296
  6   -2.88366195  -13.85648858
  7    0.02580913  -11.16592172
  8    1.88729313   -0.54527322
  9   -3.87555711  -10.29625260
 10   15.00981335    2.39853520
 11    8.49507812    2.85362116
 12   -3.32777423    6.53254855
 13    2.57833618    4.30660907
 14    3.02687337   -4.38919659
 15    6.43140239    5.37539174
 16   11.51376122   -7.36574993
 17    8.02429048  -16.38401919
 18  -11.62087954    0.34669035
 19   -7.29172487    6.11599797
 20  -16.08866045   -0.34305257
 21   12.91729866  -10.82778373
 22   -6.54685708  -12.03345812
 23    9.28309609    6.55578343
 24    7.42698641   -9.80694032
 25   -4.09340633   -6.36572240
 26   -7.50884050   -4.31856754
 27    3.73022721  -16.26291057
 28   14.91180557   -1.51581456
 29   14.93516370   10.08861788
 30    3.54745962    8.07770595
 31    9.82453790  -12.67955886
 32   12.26200540    0.64503632
 33    3.97044563   -8.18803668
 34    0.42073049   -7.87049153
 35  -10.87199323    4.14967012
