0 1
0 2
0 3
0 4
0 5
0 6
0 7
0 8
0 9
0 10
0 11
0 12
0 15
0 16
0 17
0 23
0 26
0 33
0 47
0 60
0 67
0 69
0 86
0 92
0 93
0 101
0 109
0 113
0 127
0 129
0 141
0 144
0 156
0 166
0 173
0 174
0 191
0 196
0 199
0 202
0 208
0 229
0 241
0 266
0 271
0 290
0 296
0 306
0 368
0 372
0 373
0 377
0 415
0 429
0 433
0 442
0 457
0 488
0 491
0 499
1 7
1 12
1 13
1 19
1 21
1 22
1 29
1 34
1 80
1 90
1 166
1 176
1 210
1 211
1 224
1 425
1 434
1 446
2 5
2 20
2 78
2 171
2 341
3 5
3 6
3 10
3 11
3 14
3 24
3 27
3 30
3 37
3 55
3 58
3 69
3 73
3 84
3 86
3 100
3 114
3 129
3 130
3 137
3 139
3 148
3 156
3 157
3 163
3 181
3 183
3 185
3 186
3 194
3 210
3 214
3 216
3 241
3 258
3 272
3 279
3 310
3 319
3 328
3 337
3 341
3 372
3 409
3 412
3 470
3 477
4 5
4 6
4 10
4 17
4 23
4 43
4 44
4 60
4 65
4 67
4 68
4 70
4 81
4 92
4 99
4 106
4 113
4 122
4 129
4 130
4 140
4 146
4 150
4 151
4 153
4 159
4 275
4 298
4 303
4 307
4 354
4 380
4 383
4 397
4 398
4 488
5 6
5 7
5 8
5 9
5 12
5 13
5 14
5 16
5 18
5 22
5 25
5 26
5 29
5 32
5 35
5 40
5 42
5 44
5 46
5 48
5 49
5 54
5 62
5 76
5 79
5 84
5 106
5 108
5 116
5 119
5 132
5 138
5 139
5 164
5 165
5 187
5 209
5 227
5 229
5 233
5 242
5 253
5 267
5 273
5 279
5 283
5 294
5 295
5 300
5 303
5 306
5 320
5 321
5 352
5 359
5 396
5 401
5 406
5 417
5 418
5 445
5 453
5 469
5 473
5 489
6 7
6 8
6 9
6 11
6 13
6 14
6 15
6 17
6 18
6 22
6 23
6 25
6 26
6 27
6 28
6 29
6 33
6 37
6 44
6 45
6 47
6 50
6 51
6 52
6 65
6 66
6 74
6 80
6 88
6 89
6 104
6 106
6 128
6 131
6 133
6 134
6 137
6 140
6 145
6 167
6 180
6 182
6 198
6 209
6 211
6 213
6 215
6 220
6 228
6 230
6 251
6 263
6 270
6 271
6 283
6 286
6 287
6 288
6 301
6 304
6 317
6 333
6 336
6 355
6 360
6 361
6 364
6 390
6 392
6 404
6 413
6 416
6 429
6 460
6 462
6 493
7 8
7 9
7 18
7 19
7 24
7 28
7 31
7 32
7 34
7 38
7 46
7 47
7 60
7 72
7 87
7 108
7 110
7 133
7 135
7 159
7 162
7 178
7 180
7 197
7 221
7 223
7 225
7 231
7 241
7 314
7 315
7 426
7 431
7 446
7 461
7 470
7 475
8 10
8 15
8 35
8 49
8 65
8 75
8 151
8 164
8 245
8 257
8 258
8 378
9 11
9 13
9 14
9 15
9 19
9 24
9 30
9 32
9 34
9 39
9 48
9 50
9 54
9 58
9 59
9 70
9 77
9 132
9 146
9 158
9 198
9 223
9 224
9 235
9 276
9 282
9 344
9 366
9 426
9 443
9 447
9 449
10 12
10 40
10 48
10 80
10 84
10 92
10 153
10 164
10 259
10 384
10 481
10 499
11 21
11 39
11 67
11 84
11 154
11 155
11 162
11 277
11 391
11 423
12 20
12 30
12 50
12 57
12 62
12 87
12 105
12 121
12 127
12 200
12 223
12 244
12 295
12 311
12 321
12 351
12 361
12 376
12 406
12 485
13 16
13 22
13 27
13 30
13 31
13 43
13 47
13 49
13 57
13 59
13 60
13 107
13 123
13 155
13 165
13 195
13 215
13 243
13 257
13 277
13 396
13 424
14 19
14 28
14 33
14 41
14 42
14 82
14 83
14 94
14 143
14 167
14 168
14 169
14 185
14 219
14 241
14 260
14 281
14 284
14 288
14 313
14 324
14 328
14 386
14 463
14 480
15 16
15 17
15 20
15 21
15 36
15 48
15 51
15 52
15 53
15 56
15 59
15 61
15 68
15 72
15 73
15 81
15 85
15 100
15 111
15 112
15 114
15 119
15 125
15 138
15 140
15 148
15 171
15 174
15 187
15 190
15 199
15 202
15 204
15 215
15 219
15 246
15 247
15 251
15 267
15 278
15 295
15 303
15 311
15 367
15 375
15 384
15 394
15 407
15 417
15 424
15 439
15 479
15 481
15 482
16 25
16 43
16 55
16 58
16 161
16 206
16 236
16 307
16 313
16 333
16 354
16 385
16 391
16 392
16 396
16 427
16 431
16 469
17 18
17 44
17 56
17 64
17 66
17 86
17 91
17 98
17 117
17 121
17 136
17 149
17 188
17 256
17 284
17 305
17 322
17 353
17 395
17 399
17 405
17 414
17 439
17 489
18 20
18 21
18 29
18 35
18 36
18 39
18 40
18 42
18 52
18 71
18 88
18 127
18 130
18 159
18 165
18 166
18 184
18 197
18 228
18 238
18 274
18 287
18 378
18 384
18 407
18 484
19 34
19 38
19 56
19 120
19 164
19 172
19 191
19 202
19 297
19 343
19 391
19 422
19 437
19 451
20 24
20 46
20 50
20 90
20 118
20 136
20 345
21 23
21 25
21 31
21 79
21 149
21 214
21 218
21 248
21 275
21 326
21 357
21 378
21 416
21 463
22 27
22 31
22 54
22 58
22 63
22 91
22 95
22 114
22 145
22 147
22 177
22 203
22 217
22 220
22 249
22 273
22 301
22 305
22 364
22 423
22 426
22 441
22 451
22 452
22 492
23 28
23 39
23 42
23 45
23 71
23 74
23 76
23 158
23 163
23 196
23 224
23 236
23 239
23 240
23 368
24 26
24 35
24 51
24 71
24 76
24 83
24 85
24 86
24 102
24 107
24 137
24 170
24 218
24 261
24 318
24 327
24 349
24 356
24 362
24 449
25 37
25 40
25 53
25 62
25 75
25 82
25 93
25 94
25 110
25 115
25 183
25 204
25 233
25 235
25 236
25 242
25 351
25 430
25 480
26 32
26 64
26 66
26 139
26 158
26 184
26 291
26 293
26 365
26 473
26 480
27 33
27 41
27 62
27 70
27 89
27 98
27 103
27 111
27 115
27 116
27 126
27 161
27 169
27 172
27 205
27 206
27 274
27 288
27 358
27 376
27 380
27 395
27 404
27 415
27 439
27 441
27 470
27 483
27 497
28 78
28 100
28 124
28 131
28 188
28 304
28 417
28 421
28 471
28 485
29 36
29 41
29 53
29 111
29 120
29 122
29 281
29 318
29 350
29 378
29 464
30 38
30 49
30 94
30 101
30 118
30 124
30 126
30 135
30 155
30 171
30 195
30 207
30 332
30 367
30 414
30 477
31 43
31 66
31 95
31 97
31 125
31 150
31 214
31 227
31 260
31 348
31 390
31 394
31 404
31 467
32 45
32 55
32 65
32 77
32 244
32 280
32 283
32 371
32 456
32 475
32 496
33 37
33 52
33 53
33 79
33 95
33 140
33 149
33 167
33 173
33 180
33 263
33 295
33 299
33 327
33 408
33 414
33 454
33 467
33 485
34 36
34 94
34 121
34 205
34 400
35 45
35 55
35 80
35 291
36 38
36 127
36 184
36 249
36 334
36 429
37 57
37 74
37 78
37 85
37 90
37 111
37 132
37 136
37 147
37 191
37 192
37 201
37 209
37 222
37 234
37 237
37 269
37 321
37 342
37 344
37 346
37 380
37 386
37 397
37 404
37 411
37 487
38 73
38 109
38 112
38 124
38 138
38 186
38 221
38 347
38 370
38 436
38 479
38 482
39 82
39 115
39 116
39 175
39 221
39 232
39 279
39 329
40 41
40 205
40 265
40 318
40 402
41 61
41 63
41 74
41 182
41 200
41 246
41 269
41 440
41 476
42 54
42 151
42 294
43 57
43 72
43 89
43 93
43 113
43 226
43 244
43 263
43 334
44 91
44 96
44 157
44 158
44 250
44 254
44 276
44 340
44 362
44 381
44 416
44 428
44 494
45 46
45 51
45 68
45 75
45 81
45 102
45 104
45 109
45 137
45 165
45 166
45 199
45 201
45 216
45 265
45 285
45 317
45 350
45 374
45 400
45 428
46 99
46 237
46 243
46 448
46 494
47 61
47 70
47 77
47 81
47 143
47 152
47 167
47 171
47 186
47 335
47 365
47 403
47 431
47 440
47 444
47 471
48 152
48 192
48 232
48 235
48 492
49 87
49 118
49 131
49 212
49 292
49 379
49 454
49 468
49 469
50 61
50 63
50 92
50 104
50 122
50 123
50 135
50 157
50 207
50 216
50 290
50 311
50 316
50 452
50 457
50 486
51 56
51 97
51 114
51 139
51 142
51 175
51 226
51 256
51 305
51 309
51 453
52 64
52 68
52 103
52 112
52 117
52 173
52 211
52 236
52 314
53 101
53 138
53 153
53 179
53 207
53 243
53 252
54 212
54 290
54 454
55 78
55 88
55 144
55 177
55 193
55 323
55 337
55 412
55 429
55 484
56 64
56 143
56 181
56 189
56 222
56 235
56 253
56 268
56 273
56 312
56 326
56 430
56 442
56 464
57 72
57 77
57 79
57 88
57 133
57 142
57 159
57 181
57 191
57 234
57 333
57 355
58 59
58 96
58 200
58 266
59 105
59 108
59 109
59 160
59 255
59 263
59 266
59 339
59 348
59 366
59 376
59 398
59 462
59 482
60 98
60 193
60 220
60 441
61 63
61 69
61 87
61 97
61 100
61 117
61 150
61 161
61 162
61 259
61 300
61 312
61 324
61 345
61 375
61 377
61 379
61 380
61 413
62 69
62 71
62 76
62 126
62 141
62 179
62 229
62 234
62 240
62 258
62 262
62 338
63 67
63 73
63 117
63 218
63 275
63 357
63 472
63 492
64 142
65 75
65 85
65 93
65 96
65 144
65 230
65 292
65 325
65 360
65 432
66 110
66 169
66 193
66 230
66 248
66 264
66 316
67 83
67 253
67 259
67 296
67 307
67 377
67 410
68 266
68 318
68 366
68 465
69 108
69 374
69 495
70 89
70 90
70 91
70 116
70 134
70 245
70 278
70 289
70 299
70 435
70 445
70 451
71 82
71 103
71 120
71 170
71 447
72 249
73 237
73 239
73 250
73 320
73 370
73 412
73 442
74 205
74 311
74 352
74 401
74 450
75 83
75 102
75 107
75 122
75 144
75 148
75 182
75 206
75 277
75 326
75 444
76 119
76 126
76 134
76 148
76 294
76 297
76 461
77 99
77 160
77 181
77 264
77 291
77 382
77 488
78 120
78 170
78 177
78 377
78 468
79 99
79 105
79 168
79 187
79 208
79 261
79 299
79 339
79 421
79 441
79 444
79 448
80 104
80 149
80 157
80 422
80 460
81 101
81 107
81 113
81 182
81 204
81 225
81 261
81 279
81 381
81 432
82 118
82 296
82 302
82 312
82 368
82 413
83 209
83 238
83 272
83 288
83 310
83 313
83 321
83 336
83 342
83 388
84 95
84 98
84 154
84 343
84 355
85 103
85 128
85 154
85 190
85 194
85 221
85 276
85 310
85 402
85 456
86 363
86 471
87 125
87 172
87 194
87 479
88 106
88 169
88 289
88 454
89 115
89 135
89 143
89 145
89 161
89 213
89 414
90 128
90 264
90 335
90 395
91 132
91 183
91 196
91 204
91 268
91 294
91 366
91 387
91 389
91 491
92 105
92 245
92 324
92 354
92 356
92 393
93 97
93 223
93 248
93 256
93 270
93 360
94 180
94 214
94 216
94 346
94 387
94 409
95 96
95 136
95 141
95 160
95 218
95 281
95 397
96 131
96 175
96 189
96 253
96 305
97 110
97 178
97 246
97 259
97 341
98 102
98 155
98 175
98 215
98 226
98 385
98 409
98 463
98 465
99 119
99 133
99 174
99 201
99 224
99 267
99 330
99 361
99 389
99 486
100 141
100 287
100 304
100 381
101 187
101 220
101 247
101 399
101 496
102 250
102 329
102 436
103 156
103 242
103 396
103 455
104 308
104 363
105 129
105 192
105 301
105 350
105 434
106 176
106 178
106 272
106 432
107 163
107 198
107 239
107 262
107 273
107 323
107 423
107 495
108 123
108 168
108 190
108 276
108 331
108 403
109 356
110 173
110 176
110 203
110 207
110 362
111 112
111 147
111 184
111 301
112 341
113 172
113 231
113 300
114 125
114 152
115 162
115 183
115 210
115 364
115 388
116 130
116 134
116 359
116 432
116 475
117 244
118 121
118 188
118 322
119 160
119 297
119 329
119 428
120 142
120 147
120 168
120 369
120 389
120 413
120 453
121 185
121 228
121 267
121 338
121 410
121 443
121 458
121 468
122 123
122 124
122 128
122 153
122 250
122 265
122 445
123 324
123 347
124 340
124 478
125 163
125 222
125 275
125 278
125 287
125 298
125 376
125 449
126 146
127 203
127 350
128 252
128 258
128 280
128 335
129 452
130 196
130 217
131 254
132 151
132 274
132 316
132 344
132 394
132 434
132 462
133 198
133 231
133 323
133 340
133 348
134 145
134 176
134 233
135 193
135 197
136 174
136 179
136 219
136 231
136 344
137 146
137 208
137 314
137 477
137 483
138 152
138 237
138 330
138 332
138 421
138 471
139 185
139 451
139 459
139 472
140 195
141 217
141 271
142 150
142 178
142 201
142 233
142 310
142 357
142 415
143 308
144 277
144 342
145 232
145 345
145 367
147 200
147 346
148 154
148 261
148 285
148 450
148 498
149 156
149 478
151 328
151 416
152 333
153 189
153 238
153 372
153 450
154 210
154 232
154 268
154 325
154 327
155 239
155 282
155 374
155 420
155 437
156 195
156 297
157 339
157 394
158 192
158 446
158 489
159 317
159 486
159 487
160 188
160 254
161 286
161 369
162 403
164 379
165 170
165 213
165 228
165 246
165 285
165 365
165 440
166 186
166 332
166 375
167 199
167 308
168 179
168 286
168 400
169 206
169 285
169 357
169 399
169 408
170 338
170 386
170 392
171 203
171 247
171 255
171 269
171 290
171 293
171 317
171 322
171 326
171 345
171 349
171 370
171 383
171 469
171 483
173 189
173 208
173 245
173 436
173 472
174 190
175 302
175 337
175 349
176 177
176 227
176 363
176 483
177 254
178 315
178 407
179 280
179 372
179 475
180 252
180 379
180 387
180 477
182 211
182 225
182 327
183 238
183 262
183 393
183 411
184 226
185 278
185 298
185 334
185 385
185 424
186 360
187 212
187 217
187 271
187 383
188 349
189 435
191 194
191 197
191 212
191 307
191 423
193 255
193 291
194 240
194 312
194 346
194 426
194 491
195 213
195 419
195 492
196 229
197 473
198 422
199 320
199 362
199 386
200 202
200 408
200 437
201 478
202 225
202 309
202 408
202 417
202 421
202 491
202 498
203 222
203 369
203 399
204 227
204 243
204 260
204 315
204 398
204 438
205 348
205 371
205 443
205 466
206 270
206 382
206 435
207 284
207 482
208 219
208 319
208 332
208 493
209 459
210 240
210 257
211 455
211 495
212 328
213 329
215 281
215 296
215 375
215 425
216 248
216 371
216 446
217 493
218 499
219 230
219 309
219 325
219 474
220 418
221 269
222 274
222 435
222 450
223 388
223 390
223 431
223 485
224 292
225 242
225 265
225 299
225 315
225 316
225 369
225 407
225 420
225 445
225 447
226 247
226 251
226 397
226 398
226 436
227 251
227 252
227 313
227 359
227 368
227 427
227 430
228 234
228 264
228 393
229 249
229 331
229 406
229 440
231 268
231 347
231 457
232 330
233 303
234 272
234 282
235 343
235 395
235 476
236 337
236 351
236 364
236 401
237 298
237 384
238 257
238 306
238 358
238 461
239 293
239 319
240 284
241 335
242 289
244 260
244 289
244 302
244 331
245 358
245 373
245 433
246 292
247 330
247 331
247 343
247 402
248 439
248 458
249 470
251 448
252 280
252 282
252 484
253 255
253 256
253 300
253 484
254 382
254 410
255 293
255 374
255 448
256 365
256 381
257 391
258 361
259 354
260 262
261 392
263 438
264 490
265 302
265 322
265 353
265 373
265 383
265 478
267 270
267 286
267 314
267 334
270 367
271 308
271 488
271 490
272 412
272 467
273 466
274 323
275 283
275 306
275 358
276 497
277 405
277 459
278 449
281 338
281 406
281 456
281 489
284 405
285 443
286 336
286 497
287 325
287 419
288 442
288 490
291 403
292 352
293 351
294 320
294 419
294 472
295 347
296 420
300 309
300 433
300 476
301 304
302 387
303 353
305 340
305 409
305 455
308 427
309 466
309 486
310 339
310 428
312 336
312 382
312 411
312 434
313 359
313 456
313 487
314 319
314 353
314 401
314 427
317 363
317 460
318 452
318 457
324 433
325 400
325 481
326 393
326 411
327 342
328 352
328 496
329 418
329 420
331 447
332 371
332 425
333 494
336 462
337 458
339 388
341 473
342 425
343 437
344 465
345 356
345 415
346 385
349 355
354 419
355 476
357 498
358 453
358 479
359 373
360 474
363 370
363 465
366 430
367 389
368 468
368 480
370 424
370 487
370 498
372 464
375 405
378 438
378 494
381 422
384 390
384 463
387 402
387 418
387 438
388 410
398 474
399 464
403 444
404 493
410 466
410 499
414 497
418 461
430 459
431 481
433 455
445 467
447 495
452 496
453 458
456 460
473 474
477 490
