49
48
60
56
42
48
47
49
44
48
43
47
51
60
58
53
55
49
55
35
60
49
45
57
61
65
55
41
52
44
57
53
41
32
55
41
49
47
46
63
49
38
42
43
71
50
49
51
46
48
50
55
50
37
57
45
45
52
60
52
52
62
56
56
54
55
44
46
72
55
47
43
68
56
49
38
47
48
51
47
41
48
45
44
45
49
48
53
50
47
46
51
50
40
52
54
50
51
49
51
48
49
62
44
55
48
50
54
43
51
57
42
50
47
53
43
53
61
40
41
46
44
44
57
48
60
47
51
60
56
42
64
40
49
38
44
59
58
62
50
54
49
46
45
55
51
57
32
39
47
52
42
64
56
41
45
55
56
60
42
44
65
52
51
48
49
46
56
58
47
51
52
43
54
44
46
43
53
45
52
58
56
54
44
50
51
52
63
58
42
54
42
49
46
55
46
62
64
61
56
52
52
44
53
60
57
53
53
53
43
56
50
54
55
52
46
51
40
40
60
63
58
43
48
49
47
45
46
45
58
67
48
42
56
59
60
45
45
45
51
45
54
42
48
50
62
50
47
50
44
37
52
37
60
58
50
54
46
59
50
51
52
52
55
52
45
52
65
55
51
50
38
56
56
42
58
47
52
45
45
42
57
46
60
44
40
58
56
51
55
47
39
59
59
51
60
37
60
55
48
42
53
47
51
47
57
53
47
41
54
46
39
54
51
41
56
49
51
59
62
46
46
45
48
50
46
54
44
64
52
56
50
36
63
55
55
41
36
48
45
46
45
40
49
48
53
41
51
48
57
51
39
39
59
51
57
42
46
45
53
60
38
55
46
50
50
60
49
49
44
42
57
54
49
55
39
46
56
42
46
42
55
46
52
43
44
51
41
44
53
54
54
46
53
50
55
41
40
38
51
53
48
48
53
43
53
51
52
47
41
53
49
48
48
38
43
57
52
56
51
56
56
48
60
50
63
51
43
47
48
55
50
45
54
47
46
43
47
45
56
44
50
54
46
55
55
52
42
49
54
56
42
50
47
47
35
48
47
58
59
43
49
55
46
44
44
55
56
40
51
55
58
45
64
47
47
47
44
62
51
55
41
64
50
40
43
50
47
45
47
47
54
45
62
48
52
39
49
51
64